01/02/2015	123.51	123.51	123.51	123.51	0	0	0	123.51	123.51	123.51
01/05/2015	125.16	125.16	125.16	125.16	0	0	0	125.16	125.16	125.16
01/06/2015	102.38	102.38	102.38	102.38	-23400000	-23400000	-23400000	102.38	102.38	102.38
01/07/2015	102.78	102.78	102.78	102.78	-23400000	-23400000	-23400000	102.78	102.78	102.78
01/08/2015	104.15	104.15	104.15	104.15	-23400000	-23400000	-23400000	104.15	104.15	104.15
01/09/2015	108.16	108.16	108.16	108.16	-23400000	-23400000	-23400000	108.16	108.16	108.16
01/12/2015	109.35	109.35	109.35	109.35	-23400000	-23400000	-23400000	109.35	109.35	109.35
01/13/2015	110.02	110.02	110.02	110.02	-23400000	-23400000	-23400000	110.02	110.02	110.02
01/14/2015	112.07	112.07	112.07	112.07	-23400000	-23400000	-23400000	112.07	112.07	112.07
01/15/2015	112.68	112.68	112.68	112.68	-23400000	-23400000	-23400000	112.68	112.68	112.68
01/16/2015	118.21	118.21	118.21	118.21	-23400000	-23400000	-23400000	118.21	118.21	118.21
01/19/2015	121.07	121.07	121.07	121.07	-23400000	-23400000	-23400000	121.07	121.07	121.07
01/20/2015	121.25	121.25	121.25	121.25	-23400000	-23400000	-23400000	121.25	121.25	121.25
01/21/2015	121.5	121.5	121.5	121.5	-23400000	-23400000	-23400000	121.5	121.5	121.5
01/22/2015	121.85	121.85	121.85	121.85	-23400000	-23400000	-23400000	121.85	121.85	121.85
01/23/2015	122.55	122.55	122.55	122.55	-23400000	-23400000	-23400000	122.55	122.55	122.55
01/26/2015	123.33	123.33	123.33	123.33	-23400000	-23400000	-23400000	123.33	123.33	123.33
01/27/2015	123.53	123.53	123.53	123.53	-23400000	-23400000	-23400000	123.53	123.53	123.53
01/28/2015	123.67	123.67	123.67	123.67	-23400000	-23400000	-23400000	123.67	123.67	123.67
01/29/2015	124.1	124.1	124.1	124.1	-23400000	-23400000	-23400000	124.1	124.1	124.1
01/30/2015	124.3	124.3	124.3	124.3	-23400000	-23400000	-23400000	124.3	124.3	124.3
02/02/2015	131.53	131.53	131.53	131.53	-23400000	-23400000	-23400000	131.53	131.53	131.53
02/03/2015	132.37	132.37	132.37	132.37	-23400000	-23400000	-23400000	132.37	132.37	132.37
02/04/2015	105.7	105.7	105.7	105.7	-50150000	-50150000	-50150000	105.7	105.7	105.7
02/05/2015	112.5	112.5	112.5	112.5	-43450000	-43450000	-43450000	112.5	112.5	112.5
02/06/2015	118.19	118.19	118.19	118.19	-43450000	-43450000	-43450000	118.19	118.19	118.19
02/07/2015	119.77	119.77	119.77	119.77	-43450000	-43450000	-43450000	119.77	119.77	119.77
02/09/2015	121.53	121.53	121.53	121.53	-46800000	-46800000	-46800000	121.53	121.53	121.53
02/11/2015	115.31	115.31	115.31	115.31	-53800000	-53800000	-53800000	115.31	115.31	115.31
02/12/2015	114.26	114.26	114.26	114.26	-54850000	-54850000	-54850000	114.26	114.26	114.26
02/13/2015	115	115	115	115	-54850000	-54850000	-54850000	115	115	115
02/16/2015	118.39	118.39	118.39	118.39	-54850000	-54850000	-54850000	118.39	118.39	118.39
02/18/2015	120.38	120.38	120.38	120.38	-54850000	-54850000	-54850000	120.38	120.38	120.38
02/20/2015	120.38	120.38	120.38	120.38	-54850000	-54850000	-54850000	120.38	120.38	120.38
02/21/2015	121.18	121.18	121.18	121.18	-54850000	-54850000	-54850000	121.18	121.18	121.18
02/23/2015	123.73	123.73	123.73	123.73	-54850000	-54850000	-54850000	123.73	123.73	123.73
02/24/2015	123.97	123.97	123.97	123.97	-54850000	-54850000	-54850000	123.97	123.97	123.97
02/25/2015	124.57	124.57	124.57	124.57	-54850000	-54850000	-54850000	124.57	124.57	124.57
02/26/2015	124.66	124.66	124.66	124.66	-54850000	-54850000	-54850000	124.66	124.66	124.66
03/02/2015	126.43	126.43	126.43	126.43	-54850000	-54850000	-54850000	126.43	126.43	126.43
03/03/2015	99.04	99.04	99.04	99.04	-82480000	-82480000	-82480000	99.04	99.04	99.04
03/04/2015	99.31	99.31	99.31	99.31	-82480000	-82480000	-82480000	99.31	99.31	99.31
03/05/2015	107.22	107.22	107.22	107.22	-82280000	-82280000	-82280000	107.22	107.22	107.22
03/06/2015	108.23	108.23	108.23	108.23	-82280000	-82280000	-82280000	108.23	108.23	108.23
03/09/2015	114.51	114.51	114.51	114.51	-81020000	-81020000	-81020000	114.51	114.51	114.51
03/10/2015	117.09	117.09	117.09	117.09	-81120000	-81120000	-81120000	117.09	117.09	117.09
03/11/2015	119.63	119.63	119.63	119.63	-81120000	-81120000	-81120000	119.63	119.63	119.63
03/12/2015	119.99	119.99	119.99	119.99	-81120000	-81120000	-81120000	119.99	119.99	119.99
03/13/2015	120.22	120.22	120.22	120.22	-81120000	-81120000	-81120000	120.22	120.22	120.22
03/16/2015	122.33	122.33	122.33	122.33	-80020000	-80020000	-80020000	122.33	122.33	122.33
03/17/2015	122.77	122.77	122.77	122.77	-80100000	-80100000	-80100000	122.77	122.77	122.77
03/18/2015	123.77	123.77	123.77	123.77	-80260000	-80260000	-80260000	123.77	123.77	123.77
03/20/2015	124.32	124.32	124.32	124.32	-80340000	-80340000	-80340000	124.32	124.32	124.32
03/21/2015	124.32	124.32	124.32	124.32	-80340000	-80340000	-80340000	124.32	124.32	124.32
03/23/2015	126.26	126.26	126.26	126.26	-79250000	-79250000	-79250000	126.26	126.26	126.26
03/24/2015	127.22	127.22	127.22	127.22	-79410000	-79410000	-79410000	127.22	127.22	127.22
03/25/2015	128.02	128.02	128.02	128.02	-79570000	-79570000	-79570000	128.02	128.02	128.02
03/26/2015	128.27	128.27	128.27	128.27	-79650000	-79650000	-79650000	128.27	128.27	128.27
03/27/2015	128.77	128.77	128.77	128.77	-79810000	-79810000	-79810000	128.77	128.77	128.77
03/28/2015	129.37	129.37	129.37	129.37	-79810000	-79810000	-79810000	129.37	129.37	129.37
03/30/2015	131.91	131.91	131.91	131.91	-79810000	-79810000	-79810000	131.91	131.91	131.91
03/31/2015	133.18	133.18	133.18	133.18	-80050000	-80050000	-80050000	133.18	133.18	133.18
04/01/2015	110	110	110	110	-103450000	-103450000	-103450000	110	110	110
04/02/2015	110.33	110.33	110.33	110.33	-103450000	-103450000	-103450000	110.33	110.33	110.33
04/03/2015	103.83	103.83	103.83	103.83	-109950000	-109950000	-109950000	103.83	103.83	103.83
04/04/2015	103.83	103.83	103.83	103.83	-109950000	-109950000	-109950000	103.83	103.83	103.83
04/05/2015	110.53	110.53	110.53	110.53	-103250000	-103250000	-103250000	110.53	110.53	110.53
04/07/2015	112.14	112.14	112.14	112.14	-109750000	-109750000	-109750000	112.14	112.14	112.14
04/08/2015	112.18	112.18	112.18	112.18	-109750000	-109750000	-109750000	112.18	112.18	112.18
04/09/2015	118.03	118.03	118.03	118.03	-109750000	-109750000	-109750000	118.03	118.03	118.03
04/10/2015	119.01	119.01	119.01	119.01	-109750000	-109750000	-109750000	119.01	119.01	119.01
04/13/2015	123.24	123.24	123.24	123.24	-107240000	-107240000	-107240000	123.24	123.24	123.24
04/14/2015	125.92	125.92	125.92	125.92	-106210000	-106210000	-106210000	125.92	125.92	125.92
04/15/2015	125.46	125.46	125.46	125.46	-107130000	-107130000	-107130000	125.46	125.46	125.46
04/16/2015	124.82	124.82	124.82	124.82	-108030000	-108030000	-108030000	124.82	124.82	124.82
04/17/2015	125.4	125.4	125.4	125.4	-108650000	-108650000	-108650000	125.4	125.4	125.4
04/20/2015	125.63	125.63	125.63	125.63	-108650000	-108650000	-108650000	125.63	125.63	125.63
04/21/2015	125.69	125.69	125.69	125.69	-108810000	-108810000	-108810000	125.69	125.69	125.69
04/22/2015	125.69	125.69	125.69	125.69	-108890000	-108890000	-108890000	125.69	125.69	125.69
04/24/2015	85.69	85.69	85.69	85.69	-148890000	-148890000	-148890000	85.69	85.69	85.69
04/26/2015	85.59	85.59	85.59	85.59	-148990000	-148990000	-148990000	85.59	85.59	85.59
04/27/2015	86.13	86.13	86.13	86.13	-149100000	-149100000	-149100000	86.13	86.13	86.13
04/28/2015	86.27	86.27	86.27	86.27	-149100000	-149100000	-149100000	86.27	86.27	86.27
04/29/2015	86.22	86.22	86.22	86.22	-149160000	-149160000	-149160000	86.22	86.22	86.22
05/03/2015	79.72	79.72	79.72	79.72	-155660000	-155660000	-155660000	79.72	79.72	79.72
05/04/2015	59.38	59.38	59.38	59.38	-178300000	-178300000	-178300000	59.38	59.38	59.38
05/05/2015	66.42	66.42	66.42	66.42	-178100000	-178100000	-178100000	66.42	66.42	66.42
05/06/2015	66.91	66.91	66.91	66.91	-178100000	-178100000	-178100000	66.91	66.91	66.91
05/07/2015	71.22	71.22	71.22	71.22	-178100000	-178100000	-178100000	71.22	71.22	71.22
05/09/2015	72.1	72.1	72.1	72.1	-178100000	-178100000	-178100000	72.1	72.1	72.1
05/11/2015	74.49	74.49	74.49	74.49	-178100000	-178100000	-178100000	74.49	74.49	74.49
05/12/2015	75.69	75.69	75.69	75.69	-177000000	-177000000	-177000000	75.69	75.69	75.69
05/13/2015	76.29	76.29	76.29	76.29	-177000000	-177000000	-177000000	76.29	76.29	76.29
05/16/2015	79.54	79.54	79.54	79.54	-175960000	-175960000	-175960000	79.54	79.54	79.54
05/18/2015	80.98	80.98	80.98	80.98	-175960000	-175960000	-175960000	80.98	80.98	80.98
05/19/2015	81.18	81.18	81.18	81.18	-175960000	-175960000	-175960000	81.18	81.18	81.18
05/20/2015	82.68	82.68	82.68	82.68	-175960000	-175960000	-175960000	82.68	82.68	82.68
05/21/2015	82.88	82.88	82.88	82.88	-175960000	-175960000	-175960000	82.88	82.88	82.88
05/22/2015	84.46	84.46	84.46	84.46	-175960000	-175960000	-175960000	84.46	84.46	84.46
05/26/2015	85.26	85.26	85.26	85.26	-175960000	-175960000	-175960000	85.26	85.26	85.26
05/27/2015	86.27	86.27	86.27	86.27	-175960000	-175960000	-175960000	86.27	86.27	86.27
05/28/2015	86.91	86.91	86.91	86.91	-175960000	-175960000	-175960000	86.91	86.91	86.91
06/01/2015	90.86	90.86	90.86	90.86	-175960000	-175960000	-175960000	90.86	90.86	90.86
06/02/2015	91.01	91.01	91.01	91.01	-175960000	-175960000	-175960000	91.01	91.01	91.01
06/03/2015	84.51	84.51	84.51	84.51	-182460000	-182460000	-182460000	84.51	84.51	84.51
06/04/2015	84.67	84.67	84.67	84.67	-182460000	-182460000	-182460000	84.67	84.67	84.67
06/05/2015	91.95	91.95	91.95	91.95	-182260000	-182260000	-182260000	91.95	91.95	91.95
06/08/2015	93.41	93.41	93.41	93.41	-182260000	-182260000	-182260000	93.41	93.41	93.41
06/09/2015	97.28	97.28	97.28	97.28	-182260000	-182260000	-182260000	97.28	97.28	97.28
06/10/2015	98.23	98.23	98.23	98.23	-182260000	-182260000	-182260000	98.23	98.23	98.23
06/11/2015	100.81	100.81	100.81	100.81	-181160000	-181160000	-181160000	100.81	100.81	100.81
06/12/2015	100.97	100.97	100.97	100.97	-181160000	-181160000	-181160000	100.97	100.97	100.97
06/15/2015	101.25	101.25	101.25	101.25	-181160000	-181160000	-181160000	101.25	101.25	101.25
06/16/2015	102.21	102.21	102.21	102.21	-181160000	-181160000	-181160000	102.21	102.21	102.21
06/18/2015	103.21	103.21	103.21	103.21	-181160000	-181160000	-181160000	103.21	103.21	103.21
06/19/2015	103.21	103.21	103.21	103.21	-181160000	-181160000	-181160000	103.21	103.21	103.21
06/21/2015	104.01	104.01	104.01	104.01	-181160000	-181160000	-181160000	104.01	104.01	104.01
06/22/2015	105.05	105.05	105.05	105.05	-181160000	-181160000	-181160000	105.05	105.05	105.05
06/24/2015	107.12	107.12	107.12	107.12	-179900000	-179900000	-179900000	107.12	107.12	107.12
06/25/2015	107.24	107.24	107.24	107.24	-179900000	-179900000	-179900000	107.24	107.24	107.24
06/29/2015	107.99	107.99	107.99	107.99	-179900000	-179900000	-179900000	107.99	107.99	107.99
07/01/2015	108.85	108.85	108.85	108.85	-179900000	-179900000	-179900000	108.85	108.85	108.85
07/02/2015	109.03	109.03	109.03	109.03	-179900000	-179900000	-179900000	109.03	109.03	109.03
07/03/2015	103.82	103.82	103.82	103.82	-186400000	-186400000	-186400000	103.82	103.82	103.82
07/04/2015	105.33	105.33	105.33	105.33	-184970000	-184970000	-184970000	105.33	105.33	105.33
07/05/2015	112.03	112.03	112.03	112.03	-178270000	-178270000	-178270000	112.03	112.03	112.03
07/06/2015	119.78	119.78	119.78	119.78	-178270000	-178270000	-178270000	119.78	119.78	119.78
07/07/2015	120.06	120.06	120.06	120.06	-178270000	-178270000	-178270000	120.06	120.06	120.06
07/08/2015	113.64	113.64	113.64	113.64	-184770000	-184770000	-184770000	113.64	113.64	113.64
07/09/2015	118.07	118.07	118.07	118.07	-184770000	-184770000	-184770000	118.07	118.07	118.07
07/10/2015	118.75	118.75	118.75	118.75	-184770000	-184770000	-184770000	118.75	118.75	118.75
07/13/2015	123.08	123.08	123.08	123.08	-182640000	-182640000	-182640000	123.08	123.08	123.08
07/15/2015	123.18	123.18	123.18	123.18	-182800000	-182800000	-182800000	123.18	123.18	123.18
07/16/2015	123.78	123.78	123.78	123.78	-182800000	-182800000	-182800000	123.78	123.78	123.78
07/17/2015	125.14	125.14	125.14	125.14	-182880000	-182880000	-182880000	125.14	125.14	125.14
07/18/2015	124.68	124.68	124.68	124.68	-183340000	-183340000	-183340000	124.68	124.68	124.68
07/20/2015	125.5	125.5	125.5	125.5	-183420000	-183420000	-183420000	125.5	125.5	125.5
07/21/2015	124.92	124.92	124.92	124.92	-184400000	-184400000	-184400000	124.92	124.92	124.92
07/22/2015	124.92	124.92	124.92	124.92	-184480000	-184480000	-184480000	124.92	124.92	124.92
07/23/2015	75.92	75.92	75.92	75.92	-234480000	-234480000	-234480000	75.92	75.92	75.92
07/27/2015	78.26	78.26	78.26	78.26	-234480000	-234480000	-234480000	78.26	78.26	78.26
07/28/2015	80.91	80.91	80.91	80.91	-234480000	-234480000	-234480000	80.91	80.91	80.91
07/29/2015	81.37	81.37	81.37	81.37	-234480000	-234480000	-234480000	81.37	81.37	81.37
07/30/2015	81.98	81.98	81.98	81.98	-234480000	-234480000	-234480000	81.98	81.98	81.98
08/03/2015	84.02	84.02	84.02	84.02	-234480000	-234480000	-234480000	84.02	84.02	84.02
08/04/2015	84.63	84.63	84.63	84.63	-234480000	-234480000	-234480000	84.63	84.63	84.63
08/05/2015	91.36	91.36	91.36	91.36	-234480000	-234480000	-234480000	91.36	91.36	91.36
08/06/2015	92.8	92.8	92.8	92.8	-234480000	-234480000	-234480000	92.8	92.8	92.8
08/07/2015	96.63	96.63	96.63	96.63	-234480000	-234480000	-234480000	96.63	96.63	96.63
08/10/2015	97.25	97.25	97.25	97.25	-234480000	-234480000	-234480000	97.25	97.25	97.25
08/11/2015	98.36	98.36	98.36	98.36	-234480000	-234480000	-234480000	98.36	98.36	98.36
08/14/2015	99.12	99.12	99.12	99.12	-234480000	-234480000	-234480000	99.12	99.12	99.12
08/17/2015	100.02	100.02	100.02	100.02	-234480000	-234480000	-234480000	100.02	100.02	100.02
08/18/2015	100.92	100.92	100.92	100.92	-234480000	-234480000	-234480000	100.92	100.92	100.92
08/19/2015	101.54	101.54	101.54	101.54	-234480000	-234480000	-234480000	101.54	101.54	101.54
08/20/2015	102.34	102.34	102.34	102.34	-234480000	-234480000	-234480000	102.34	102.34	102.34
08/24/2015	104.35	104.35	104.35	104.35	-234480000	-234480000	-234480000	104.35	104.35	104.35
08/25/2015	106.24	106.24	106.24	106.24	-234480000	-234480000	-234480000	106.24	106.24	106.24
08/26/2015	107.11	107.11	107.11	107.11	-234480000	-234480000	-234480000	107.11	107.11	107.11
08/27/2015	83.26	83.26	83.26	83.26	-259370000	-259370000	-259370000	83.26	83.26	83.26
08/28/2015	83.27	83.27	83.27	83.27	-259370000	-259370000	-259370000	83.27	83.27	83.27
08/31/2015	83.92	83.92	83.92	83.92	-259370000	-259370000	-259370000	83.92	83.92	83.92
09/01/2015	84.43	84.43	84.43	84.43	-259370000	-259370000	-259370000	84.43	84.43	84.43
09/02/2015	85.23	85.23	85.23	85.23	-259370000	-259370000	-259370000	85.23	85.23	85.23
09/03/2015	85.65	85.65	85.65	85.65	-259370000	-259370000	-259370000	85.65	85.65	85.65
09/04/2015	85.74	85.74	85.74	85.74	-259370000	-259370000	-259370000	85.74	85.74	85.74
09/07/2015	94.51	94.51	94.51	94.51	-259370000	-259370000	-259370000	94.51	94.51	94.51
09/08/2015	94.67	94.67	94.67	94.67	-259370000	-259370000	-259370000	94.67	94.67	94.67
09/09/2015	99.35	99.35	99.35	99.35	-259370000	-259370000	-259370000	99.35	99.35	99.35
09/10/2015	99.65	99.65	99.65	99.65	-259370000	-259370000	-259370000	99.65	99.65	99.65
09/11/2015	100.45	100.45	100.45	100.45	-259370000	-259370000	-259370000	100.45	100.45	100.45
09/14/2015	101.77	101.77	101.77	101.77	-259370000	-259370000	-259370000	101.77	101.77	101.77
09/16/2015	102.08	102.08	102.08	102.08	-259370000	-259370000	-259370000	102.08	102.08	102.08
09/17/2015	102.13	102.13	102.13	102.13	-259370000	-259370000	-259370000	102.13	102.13	102.13
09/18/2015	103.19	103.19	103.19	103.19	-259370000	-259370000	-259370000	103.19	103.19	103.19
09/21/2015	104.12	104.12	104.12	104.12	-259370000	-259370000	-259370000	104.12	104.12	104.12
09/22/2015	104.96	104.96	104.96	104.96	-259370000	-259370000	-259370000	104.96	104.96	104.96
09/23/2015	105.04	105.04	105.04	105.04	-259370000	-259370000	-259370000	105.04	105.04	105.04
09/24/2015	97.26	97.26	97.26	97.26	-267370000	-267370000	-267370000	97.26	97.26	97.26
09/25/2015	97.36	97.36	97.36	97.36	-267370000	-267370000	-267370000	97.36	97.36	97.36
09/28/2015	80.64	80.64	80.64	80.64	-285620000	-285620000	-285620000	80.64	80.64	80.64
09/29/2015	81.64	81.64	81.64	81.64	-285620000	-285620000	-285620000	81.64	81.64	81.64
09/30/2015	82.4	82.4	82.4	82.4	-285620000	-285620000	-285620000	82.4	82.4	82.4
10/01/2015	83.46	83.46	83.46	83.46	-285620000	-285620000	-285620000	83.46	83.46	83.46
10/02/2015	91.52	91.52	91.52	91.52	-285620000	-285620000	-285620000	91.52	91.52	91.52
10/05/2015	99.41	99.41	99.41	99.41	-285620000	-285620000	-285620000	99.41	99.41	99.41
10/07/2015	100.76	100.76	100.76	100.76	-285620000	-285620000	-285620000	100.76	100.76	100.76
10/09/2015	104.91	104.91	104.91	104.91	-285620000	-285620000	-285620000	104.91	104.91	104.91
10/12/2015	109	109	109	109	-285620000	-285620000	-285620000	109	109	109
10/13/2015	110.58	110.58	110.58	110.58	-285620000	-285620000	-285620000	110.58	110.58	110.58
10/14/2015	110.91	110.91	110.91	110.91	-285620000	-285620000	-285620000	110.91	110.91	110.91
10/15/2015	111.09	111.09	111.09	111.09	-285620000	-285620000	-285620000	111.09	111.09	111.09
10/16/2015	112.3	112.3	112.3	112.3	-285620000	-285620000	-285620000	112.3	112.3	112.3
10/19/2015	113.61	113.61	113.61	113.61	-285650000	-285650000	-285650000	113.61	113.61	113.61
10/20/2015	112.7	112.7	112.7	112.7	-286850000	-286850000	-286850000	112.7	112.7	112.7
10/21/2015	112.85	112.85	112.85	112.85	-286930000	-286930000	-286930000	112.85	112.85	112.85
10/22/2015	112.85	112.85	112.85	112.85	-287090000	-287090000	-287090000	112.85	112.85	112.85
10/27/2015	95.01	95.01	95.01	95.01	-306050000	-306050000	-306050000	95.01	95.01	95.01
10/29/2015	95.61	95.61	95.61	95.61	-306050000	-306050000	-306050000	95.61	95.61	95.61
10/30/2015	96.38	96.38	96.38	96.38	-306050000	-306050000	-306050000	96.38	96.38	96.38
11/02/2015	97.9	97.9	97.9	97.9	-306050000	-306050000	-306050000	97.9	97.9	97.9
11/03/2015	98.91	98.91	98.91	98.91	-306050000	-306050000	-306050000	98.91	98.91	98.91
11/04/2015	99.03	99.03	99.03	99.03	-306050000	-306050000	-306050000	99.03	99.03	99.03
11/06/2015	99.39	99.39	99.39	99.39	-306050000	-306050000	-306050000	99.39	99.39	99.39
11/09/2015	104.27	104.27	104.27	104.27	-306050000	-306050000	-306050000	104.27	104.27	104.27
11/10/2015	104.45	104.45	104.45	104.45	-306050000	-306050000	-306050000	104.45	104.45	104.45
11/12/2015	105.18	105.18	105.18	105.18	-306050000	-306050000	-306050000	105.18	105.18	105.18
11/13/2015	-194.74	-194.74	-194.74	-194.74	-606050000	-606050000	-606050000	-194.74	-194.74	-194.74
11/16/2015	-192.18	-192.18	-192.18	-192.18	-606050000	-606050000	-606050000	-192.18	-192.18	-192.18
11/18/2015	-25.26	-25.26	-25.26	-25.26	-606050000	-606050000	-606050000	-25.26	-25.26	-25.26
11/19/2015	-25.69	-25.69	-25.69	-25.69	-607040000	-607040000	-607040000	-25.69	-25.69	-25.69
11/20/2015	-24.59	-24.59	-24.59	-24.59	-607040000	-607040000	-607040000	-24.59	-24.59	-24.59
11/23/2015	-23.28	-23.28	-23.28	-23.28	-607040000	-607040000	-607040000	-23.28	-23.28	-23.28
11/24/2015	-21.99	-21.99	-21.99	-21.99	-607040000	-607040000	-607040000	-21.99	-21.99	-21.99
11/25/2015	-21.26	-21.26	-21.26	-21.26	-607040000	-607040000	-607040000	-21.26	-21.26	-21.26
11/26/2015	-20.92	-20.92	-20.92	-20.92	-607040000	-607040000	-607040000	-20.92	-20.92	-20.92
11/27/2015	-39.55	-39.55	-39.55	-39.55	-625950000	-625950000	-625950000	-39.55	-39.55	-39.55
11/30/2015	-37.95	-37.95	-37.95	-37.95	-626000000	-626000000	-626000000	-37.95	-37.95	-37.95
12/01/2015	-37.77	-37.77	-37.77	-37.77	-626000000	-626000000	-626000000	-37.77	-37.77	-37.77
12/02/2015	-37.07	-37.07	-37.07	-37.07	-626000000	-626000000	-626000000	-37.07	-37.07	-37.07
12/03/2015	-36.96	-36.96	-36.96	-36.96	-626000000	-626000000	-626000000	-36.96	-36.96	-36.96
12/04/2015	-36.91	-36.91	-36.91	-36.91	-626000000	-626000000	-626000000	-36.91	-36.91	-36.91
12/07/2015	-31.39	-31.39	-31.39	-31.39	-626000000	-626000000	-626000000	-31.39	-31.39	-31.39
12/08/2015	-30.94	-30.94	-30.94	-30.94	-626000000	-626000000	-626000000	-30.94	-30.94	-30.94
12/09/2015	-30.77	-30.77	-30.77	-30.77	-626000000	-626000000	-626000000	-30.77	-30.77	-30.77
12/10/2015	-31.76	-31.76	-31.76	-31.76	-627040000	-627040000	-627040000	-31.76	-31.76	-31.76
12/11/2015	-29.56	-29.56	-29.56	-29.56	-627040000	-627040000	-627040000	-29.56	-29.56	-29.56
12/14/2015	-27.52	-27.52	-27.52	-27.52	-627040000	-627040000	-627040000	-27.52	-27.52	-27.52
12/15/2015	-27.32	-27.32	-27.32	-27.32	-627040000	-627040000	-627040000	-27.32	-27.32	-27.32
12/16/2015	-27.15	-27.15	-27.15	-27.15	-627040000	-627040000	-627040000	-27.15	-27.15	-27.15
12/18/2015	-26.96	-26.96	-26.96	-26.96	-627040000	-627040000	-627040000	-26.96	-26.96	-26.96
12/21/2015	2.95	2.95	2.95	2.95	-627040000	-627040000	-627040000	2.95	2.95	2.95
12/22/2015	3.73	3.73	3.73	3.73	-627040000	-627040000	-627040000	3.73	3.73	3.73
12/23/2015	4.90000000000001	4.90000000000001	4.90000000000001	4.90000000000001	-627040000	-627040000	-627040000	4.90000000000001	4.90000000000001	4.90000000000001
12/24/2015	-12.4	-12.4	-12.4	-12.4	-644620000	-644620000	-644620000	-12.4	-12.4	-12.4
12/28/2015	-7.90000000000001	-7.90000000000001	-7.90000000000001	-7.90000000000001	-644620000	-644620000	-644620000	-7.90000000000001	-7.90000000000001	-7.90000000000001
12/29/2015	-7.23999999999999	-7.23999999999999	-7.23999999999999	-7.23999999999999	-644620000	-644620000	-644620000	-7.23999999999999	-7.23999999999999	-7.23999999999999
12/30/2015	-7.04000000000001	-7.04000000000001	-7.04000000000001	-7.04000000000001	-644620000	-644620000	-644620000	-7.04000000000001	-7.04000000000001	-7.04000000000001
12/31/2015	-5.88	-5.88	-5.88	-5.88	-644620000	-644620000	-644620000	-5.88	-5.88	-5.88
01/04/2016	-5.09	-5.09	-5.09	-5.09	-644620000	-644620000	-644620000	-5.09	-5.09	-5.09
01/05/2016	-3.69	-3.69	-3.69	-3.69	-644620000	-644620000	-644620000	-3.69	-3.69	-3.69
01/06/2016	-3.64	-3.64	-3.64	-3.64	-644620000	-644620000	-644620000	-3.64	-3.64	-3.64
01/07/2016	-3.16	-3.16	-3.16	-3.16	-644620000	-644620000	-644620000	-3.16	-3.16	-3.16
01/08/2016	2.05	2.05	2.05	2.05	-644620000	-644620000	-644620000	2.05	2.05	2.05
01/11/2016	8.68000000000001	8.68000000000001	8.68000000000001	8.68000000000001	-644620000	-644620000	-644620000	8.68000000000001	8.68000000000001	8.68000000000001
01/12/2016	9.73	9.73	9.73	9.73	-644620000	-644620000	-644620000	9.73	9.73	9.73
01/13/2016	10.15	10.15	10.15	10.15	-644620000	-644620000	-644620000	10.15	10.15	10.15
01/14/2016	11.45	11.45	11.45	11.45	-644620000	-644620000	-644620000	11.45	11.45	11.45
01/15/2016	11.58	11.58	11.58	11.58	-644620000	-644620000	-644620000	11.58	11.58	11.58
01/18/2016	13.53	13.53	13.53	13.53	-644620000	-644620000	-644620000	13.53	13.53	13.53
01/20/2016	14.37	14.37	14.37	14.37	-644620000	-644620000	-644620000	14.37	14.37	14.37
01/21/2016	14.75	14.75	14.75	14.75	-644620000	-644620000	-644620000	14.75	14.75	14.75
01/22/2016	14.82	14.82	14.82	14.82	-644620000	-644620000	-644620000	14.82	14.82	14.82
01/25/2016	17.09	17.09	17.09	17.09	-644620000	-644620000	-644620000	17.09	17.09	17.09
01/26/2016	17.21	17.21	17.21	17.21	-644620000	-644620000	-644620000	17.21	17.21	17.21
01/27/2016	-5.61	-5.61	-5.61	-5.61	-667740000	-667740000	-667740000	-5.61	-5.61	-5.61
01/28/2016	-5.5	-5.5	-5.5	-5.5	-667740000	-667740000	-667740000	-5.5	-5.5	-5.5
01/29/2016	-5.42	-5.42	-5.42	-5.42	-667740000	-667740000	-667740000	-5.42	-5.42	-5.42
02/01/2016	4.64	4.64	4.64	4.64	-667740000	-667740000	-667740000	4.64	4.64	4.64
02/02/2016	4.79000000000001	4.79000000000001	4.79000000000001	4.79000000000001	-667740000	-667740000	-667740000	4.79000000000001	4.79000000000001	4.79000000000001
02/03/2016	4.94	4.94	4.94	4.94	-667740000	-667740000	-667740000	4.94	4.94	4.94
02/04/2016	5.86	5.86	5.86	5.86	-667740000	-667740000	-667740000	5.86	5.86	5.86
02/05/2016	5.93000000000001	5.93000000000001	5.93000000000001	5.93000000000001	-667740000	-667740000	-667740000	5.93000000000001	5.93000000000001	5.93000000000001
02/08/2016	7.36	7.36	7.36	7.36	-667740000	-667740000	-667740000	7.36	7.36	7.36
02/09/2016	12.77	12.77	12.77	12.77	-667740000	-667740000	-667740000	12.77	12.77	12.77
02/10/2016	13.61	13.61	13.61	13.61	-667740000	-667740000	-667740000	13.61	13.61	13.61
02/11/2016	13.68	13.68	13.68	13.68	-667740000	-667740000	-667740000	13.68	13.68	13.68
02/12/2016	13.79	13.79	13.79	13.79	-667740000	-667740000	-667740000	13.79	13.79	13.79
02/15/2016	15.8	15.8	15.8	15.8	-667740000	-667740000	-667740000	15.8	15.8	15.8
02/16/2016	16.09	16.09	16.09	16.09	-667740000	-667740000	-667740000	16.09	16.09	16.09
02/17/2016	16.4	16.4	16.4	16.4	-667740000	-667740000	-667740000	16.4	16.4	16.4
02/18/2016	16.48	16.48	16.48	16.48	-667740000	-667740000	-667740000	16.48	16.48	16.48
02/19/2016	16.74	16.74	16.74	16.74	-667740000	-667740000	-667740000	16.74	16.74	16.74
02/22/2016	17.63	17.63	17.63	17.63	-667740000	-667740000	-667740000	17.63	17.63	17.63
02/23/2016	18.75	18.75	18.75	18.75	-667740000	-667740000	-667740000	18.75	18.75	18.75
02/25/2016	18.86	18.86	18.86	18.86	-667870000	-667870000	-667870000	18.86	18.86	18.86
02/26/2016	19.77	19.77	19.77	19.77	-667870000	-667870000	-667870000	19.77	19.77	19.77
02/29/2016	1.73	1.73	1.73	1.73	-687290000	-687290000	-687290000	1.73	1.73	1.73
03/01/2016	2.92	2.92	2.92	2.92	-687290000	-687290000	-687290000	2.92	2.92	2.92
03/02/2016	6.84	6.84	6.84	6.84	-687290000	-687290000	-687290000	6.84	6.84	6.84
03/03/2016	8.48999999999999	8.48999999999999	8.48999999999999	8.48999999999999	-687290000	-687290000	-687290000	8.48999999999999	8.48999999999999	8.48999999999999
03/04/2016	9.23999999999999	9.23999999999999	9.23999999999999	9.23999999999999	-687290000	-687290000	-687290000	9.23999999999999	9.23999999999999	9.23999999999999
03/07/2016	10.3	10.3	10.3	10.3	-687290000	-687290000	-687290000	10.3	10.3	10.3
03/08/2016	10.46	10.46	10.46	10.46	-687290000	-687290000	-687290000	10.46	10.46	10.46
03/09/2016	15.62	15.62	15.62	15.62	-687290000	-687290000	-687290000	15.62	15.62	15.62
03/10/2016	16.34	16.34	16.34	16.34	-687290000	-687290000	-687290000	16.34	16.34	16.34
03/11/2016	16.57	16.57	16.57	16.57	-687290000	-687290000	-687290000	16.57	16.57	16.57
03/14/2016	18.42	18.42	18.42	18.42	-687290000	-687290000	-687290000	18.42	18.42	18.42
03/15/2016	19.22	19.22	19.22	19.22	-687290000	-687290000	-687290000	19.22	19.22	19.22
03/16/2016	29.33	29.33	29.33	29.33	-687290000	-687290000	-687290000	29.33	29.33	29.33
03/18/2016	29.4	29.4	29.4	29.4	-687290000	-687290000	-687290000	29.4	29.4	29.4
03/21/2016	30.74	30.74	30.74	30.74	-687290000	-687290000	-687290000	30.74	30.74	30.74
03/22/2016	30.79	30.79	30.79	30.79	-687290000	-687290000	-687290000	30.79	30.79	30.79
03/23/2016	31.66	31.66	31.66	31.66	-687290000	-687290000	-687290000	31.66	31.66	31.66
03/24/2016	31.71	31.71	31.71	31.71	-687290000	-687290000	-687290000	31.71	31.71	31.71
03/25/2016	31.75	31.75	31.75	31.75	-687290000	-687290000	-687290000	31.75	31.75	31.75
03/29/2016	19.53	19.53	19.53	19.53	-705160000	-705160000	-705160000	19.53	19.53	19.53
03/30/2016	20.48	20.48	20.48	20.48	-705160000	-705160000	-705160000	20.48	20.48	20.48
03/31/2016	20.86	20.86	20.86	20.86	-705160000	-705160000	-705160000	20.86	20.86	20.86
04/01/2016	27.39	27.39	27.39	27.39	-705160000	-705160000	-705160000	27.39	27.39	27.39
04/04/2016	27.45	27.45	27.45	27.45	-705160000	-705160000	-705160000	27.45	27.45	27.45
04/08/2016	32.76	32.76	32.76	32.76	-705160000	-705160000	-705160000	32.76	32.76	32.76
04/11/2016	33.76	33.76	33.76	33.76	-705160000	-705160000	-705160000	33.76	33.76	33.76
04/12/2016	35.89	35.89	35.89	35.89	-705160000	-705160000	-705160000	35.89	35.89	35.89
04/22/2016	36.59	36.59	36.59	36.59	-705160000	-705160000	-705160000	36.59	36.59	36.59
04/25/2016	38.14	38.14	38.14	38.14	-705160000	-705160000	-705160000	38.14	38.14	38.14
04/26/2016	38.22	38.22	38.22	38.22	-705160000	-705160000	-705160000	38.22	38.22	38.22
04/27/2016	18.95	18.95	18.95	18.95	-724430000	-724430000	-724430000	18.95	18.95	18.95
04/28/2016	20.05	20.05	20.05	20.05	-724680000	-724680000	-724680000	20.05	20.05	20.05
04/29/2016	20.15	20.15	20.15	20.15	-724680000	-724680000	-724680000	20.15	20.15	20.15
04/30/2016	20.95	20.95	20.95	20.95	-724680000	-724680000	-724680000	20.95	20.95	20.95
05/02/2016	22.36	22.36	22.36	22.36	-724680000	-724680000	-724680000	22.36	22.36	22.36
05/03/2016	22.74	22.74	22.74	22.74	-724880000	-724880000	-724880000	22.74	22.74	22.74
05/04/2016	23.47	23.47	23.47	23.47	-724880000	-724880000	-724880000	23.47	23.47	23.47
05/06/2016	24.52	24.52	24.52	24.52	-724880000	-724880000	-724880000	24.52	24.52	24.52
05/09/2016	33.29	33.29	33.29	33.29	-724880000	-724880000	-724880000	33.29	33.29	33.29
05/10/2016	33.57	33.57	33.57	33.57	-724880000	-724880000	-724880000	33.57	33.57	33.57
05/11/2016	33.83	33.83	33.83	33.83	-724880000	-724880000	-724880000	33.83	33.83	33.83
05/12/2016	33.92	33.92	33.92	33.92	-724880000	-724880000	-724880000	33.92	33.92	33.92
05/13/2016	34.28	34.28	34.28	34.28	-724880000	-724880000	-724880000	34.28	34.28	34.28
05/17/2016	36.18	36.18	36.18	36.18	-724880000	-724880000	-724880000	36.18	36.18	36.18
05/19/2016	36.73	36.73	36.73	36.73	-724880000	-724880000	-724880000	36.73	36.73	36.73
05/20/2016	37.21	37.21	37.21	37.21	-724880000	-724880000	-724880000	37.21	37.21	37.21
05/23/2016	38.21	38.21	38.21	38.21	-724880000	-724880000	-724880000	38.21	38.21	38.21
05/24/2016	38.63	38.63	38.63	38.63	-724880000	-724880000	-724880000	38.63	38.63	38.63
05/25/2016	38.87	38.87	38.87	38.87	-724880000	-724880000	-724880000	38.87	38.87	38.87
05/26/2016	40.13	40.13	40.13	40.13	-724880000	-724880000	-724880000	40.13	40.13	40.13
05/27/2016	21.83	21.83	21.83	21.83	-743470000	-743470000	-743470000	21.83	21.83	21.83
05/30/2016	23.16	23.16	23.16	23.16	-743470000	-743470000	-743470000	23.16	23.16	23.16
05/31/2016	23.62	23.62	23.62	23.62	-743470000	-743470000	-743470000	23.62	23.62	23.62
06/01/2016	24.76	24.76	24.76	24.76	-743470000	-743470000	-743470000	24.76	24.76	24.76
06/02/2016	24.8	24.8	24.8	24.8	-743470000	-743470000	-743470000	24.8	24.8	24.8
06/03/2016	25.1	25.1	25.1	25.1	-743470000	-743470000	-743470000	25.1	25.1	25.1
06/06/2016	25.74	25.74	25.74	25.74	-743470000	-743470000	-743470000	25.74	25.74	25.74
06/07/2016	26.26	26.26	26.26	26.26	-743470000	-743470000	-743470000	26.26	26.26	26.26
06/08/2016	26.5	26.5	26.5	26.5	-743470000	-743470000	-743470000	26.5	26.5	26.5
06/09/2016	31.66	31.66	31.66	31.66	-743470000	-743470000	-743470000	31.66	31.66	31.66
06/10/2016	32.09	32.09	32.09	32.09	-743470000	-743470000	-743470000	32.09	32.09	32.09
06/13/2016	40.19	40.19	40.19	40.19	-743470000	-743470000	-743470000	40.19	40.19	40.19
06/14/2016	41.32	41.32	41.32	41.32	-743470000	-743470000	-743470000	41.32	41.32	41.32
06/15/2016	41.59	41.59	41.59	41.59	-743470000	-743470000	-743470000	41.59	41.59	41.59
06/16/2016	43.22	43.22	43.22	43.22	-743470000	-743470000	-743470000	43.22	43.22	43.22
06/17/2016	43.51	43.51	43.51	43.51	-743470000	-743470000	-743470000	43.51	43.51	43.51
06/20/2016	45.12	45.12	45.12	45.12	-743470000	-743470000	-743470000	45.12	45.12	45.12
06/21/2016	45.52	45.52	45.52	45.52	-743470000	-743470000	-743470000	45.52	45.52	45.52
06/22/2016	62.28	62.28	62.28	62.28	-743470000	-743470000	-743470000	62.28	62.28	62.28
06/23/2016	62.38	62.38	62.38	62.38	-743470000	-743470000	-743470000	62.38	62.38	62.38
06/24/2016	62.82	62.82	62.82	62.82	-743590000	-743590000	-743590000	62.82	62.82	62.82
06/27/2016	42.27	42.27	42.27	42.27	-764860000	-764860000	-764860000	42.27	42.27	42.27
06/28/2016	43.53	43.53	43.53	43.53	-764860000	-764860000	-764860000	43.53	43.53	43.53
06/29/2016	43.65	43.65	43.65	43.65	-764860000	-764860000	-764860000	43.65	43.65	43.65
06/30/2016	43.9	43.9	43.9	43.9	-764860000	-764860000	-764860000	43.9	43.9	43.9
07/01/2016	44.02	44.02	44.02	44.02	-764860000	-764860000	-764860000	44.02	44.02	44.02
07/04/2016	45.08	45.08	45.08	45.08	-764860000	-764860000	-764860000	45.08	45.08	45.08
07/05/2016	45.56	45.56	45.56	45.56	-764860000	-764860000	-764860000	45.56	45.56	45.56
07/06/2016	45.88	45.88	45.88	45.88	-764860000	-764860000	-764860000	45.88	45.88	45.88
07/07/2016	45.96	45.96	45.96	45.96	-764860000	-764860000	-764860000	45.96	45.96	45.96
07/08/2016	51.7	51.7	51.7	51.7	-764860000	-764860000	-764860000	51.7	51.7	51.7
07/11/2016	53.4	53.4	53.4	53.4	-764860000	-764860000	-764860000	53.4	53.4	53.4
07/12/2016	54.15	54.15	54.15	54.15	-764860000	-764860000	-764860000	54.15	54.15	54.15
07/15/2016	54.74	54.74	54.74	54.74	-764860000	-764860000	-764860000	54.74	54.74	54.74
07/18/2016	57.39	57.39	57.39	57.39	-764860000	-764860000	-764860000	57.39	57.39	57.39
07/19/2016	57.47	57.47	57.47	57.47	-764860000	-764860000	-764860000	57.47	57.47	57.47
07/20/2016	58.07	58.07	58.07	58.07	-764860000	-764860000	-764860000	58.07	58.07	58.07
07/21/2016	58.62	58.62	58.62	58.62	-764860000	-764860000	-764860000	58.62	58.62	58.62
07/22/2016	59.44	59.44	59.44	59.44	-764860000	-764860000	-764860000	59.44	59.44	59.44
07/25/2016	59.9	59.9	59.9	59.9	-764860000	-764860000	-764860000	59.9	59.9	59.9
07/26/2016	60.78	60.78	60.78	60.78	-764860000	-764860000	-764860000	60.78	60.78	60.78
07/27/2016	41.66	41.66	41.66	41.66	-784050000	-784050000	-784050000	41.66	41.66	41.66
07/28/2016	41.74	41.74	41.74	41.74	-784200000	-784200000	-784200000	41.74	41.74	41.74
07/29/2016	42.86	42.86	42.86	42.86	-784200000	-784200000	-784200000	42.86	42.86	42.86
08/01/2016	44.01	44.01	44.01	44.01	-784200000	-784200000	-784200000	44.01	44.01	44.01
08/02/2016	44.07	44.07	44.07	44.07	-784200000	-784200000	-784200000	44.07	44.07	44.07
08/03/2016	44.51	44.51	44.51	44.51	-784200000	-784200000	-784200000	44.51	44.51	44.51
08/04/2016	44.7	44.7	44.7	44.7	-784200000	-784200000	-784200000	44.7	44.7	44.7
08/05/2016	45.3	45.3	45.3	45.3	-784200000	-784200000	-784200000	45.3	45.3	45.3
08/08/2016	46.51	46.51	46.51	46.51	-784200000	-784200000	-784200000	46.51	46.51	46.51
08/09/2016	52	52	52	52	-784200000	-784200000	-784200000	52	52	52
08/10/2016	52.24	52.24	52.24	52.24	-784200000	-784200000	-784200000	52.24	52.24	52.24
08/11/2016	53	53	53	53	-784200000	-784200000	-784200000	53	53	53
08/12/2016	53.31	53.31	53.31	53.31	-784200000	-784200000	-784200000	53.31	53.31	53.31
08/16/2016	56.35	56.35	56.35	56.35	-784200000	-784200000	-784200000	56.35	56.35	56.35
08/17/2016	56.56	56.56	56.56	56.56	-784200000	-784200000	-784200000	56.56	56.56	56.56
08/18/2016	56.64	56.64	56.64	56.64	-784200000	-784200000	-784200000	56.64	56.64	56.64
08/19/2016	56.72	56.72	56.72	56.72	-784200000	-784200000	-784200000	56.72	56.72	56.72
08/22/2016	58.41	58.41	58.41	58.41	-784200000	-784200000	-784200000	58.41	58.41	58.41
08/23/2016	58.48	58.48	58.48	58.48	-784200000	-784200000	-784200000	58.48	58.48	58.48
08/24/2016	64.01	64.01	64.01	64.01	-800900000	-800900000	-800900000	64.01	64.01	64.01
08/25/2016	64.12	64.12	64.12	64.12	-800900000	-800900000	-800900000	64.12	64.12	64.12
08/26/2016	64.28	64.28	64.28	64.28	-800900000	-800900000	-800900000	64.28	64.28	64.28
08/29/2016	45.67	45.67	45.67	45.67	-820270000	-820270000	-820270000	45.67	45.67	45.67
08/30/2016	46.65	46.65	46.65	46.65	-820270000	-820270000	-820270000	46.65	46.65	46.65
08/31/2016	46.72	46.72	46.72	46.72	-820270000	-820270000	-820270000	46.72	46.72	46.72
09/01/2016	46.79	46.79	46.79	46.79	-820270000	-820270000	-820270000	46.79	46.79	46.79
09/02/2016	46.87	46.87	46.87	46.87	-820270000	-820270000	-820270000	46.87	46.87	46.87
09/05/2016	49.86	49.86	49.86	49.86	-820270000	-820270000	-820270000	49.86	49.86	49.86
09/06/2016	50.39	50.39	50.39	50.39	-820270000	-820270000	-820270000	50.39	50.39	50.39
09/07/2016	51.29	51.29	51.29	51.29	-820270000	-820270000	-820270000	51.29	51.29	51.29
09/08/2016	51.55	51.55	51.55	51.55	-820270000	-820270000	-820270000	51.55	51.55	51.55
09/09/2016	56.95	56.95	56.95	56.95	-820270000	-820270000	-820270000	56.95	56.95	56.95
09/10/2016	57.95	57.95	57.95	57.95	-820270000	-820270000	-820270000	57.95	57.95	57.95
09/12/2016	59.68	59.68	59.68	59.68	-820270000	-820270000	-820270000	59.68	59.68	59.68
09/13/2016	64.99	64.99	64.99	64.99	-820270000	-820270000	-820270000	64.99	64.99	64.99
09/14/2016	65.41	65.41	65.41	65.41	-820270000	-820270000	-820270000	65.41	65.41	65.41
09/15/2016	65.5	65.5	65.5	65.5	-820270000	-820270000	-820270000	65.5	65.5	65.5
09/16/2016	65.62	65.62	65.62	65.62	-820270000	-820270000	-820270000	65.62	65.62	65.62
09/19/2016	66.29	66.29	66.29	66.29	-820270000	-820270000	-820270000	66.29	66.29	66.29
09/20/2016	66.55	66.55	66.55	66.55	-820270000	-820270000	-820270000	66.55	66.55	66.55
09/21/2016	67.45	67.45	67.45	67.45	-820270000	-820270000	-820270000	67.45	67.45	67.45
09/26/2016	68.27	68.27	68.27	68.27	-820270000	-820270000	-820270000	68.27	68.27	68.27
09/27/2016	55.58	55.58	55.58	55.58	-833030000	-833030000	-833030000	55.58	55.58	55.58
09/28/2016	55.81	55.81	55.81	55.81	-833030000	-833030000	-833030000	55.81	55.81	55.81
09/29/2016	56.13	56.13	56.13	56.13	-833030000	-833030000	-833030000	56.13	56.13	56.13
09/30/2016	56.43	56.43	56.43	56.43	-833030000	-833030000	-833030000	56.43	56.43	56.43
10/03/2016	58.19	58.19	58.19	58.19	-833030000	-833030000	-833030000	58.19	58.19	58.19
10/04/2016	58.93	58.93	58.93	58.93	-833030000	-833030000	-833030000	58.93	58.93	58.93
10/05/2016	59.16	59.16	59.16	59.16	-833030000	-833030000	-833030000	59.16	59.16	59.16
10/06/2016	59.23	59.23	59.23	59.23	-833030000	-833030000	-833030000	59.23	59.23	59.23
10/07/2016	64.36	64.36	64.36	64.36	-833030000	-833030000	-833030000	64.36	64.36	64.36
10/10/2016	65.36	65.36	65.36	65.36	-833030000	-833030000	-833030000	65.36	65.36	65.36
10/11/2016	65.47	65.47	65.47	65.47	-833030000	-833030000	-833030000	65.47	65.47	65.47
10/12/2016	66.14	66.14	66.14	66.14	-833800000	-833800000	-833800000	66.14	66.14	66.14
10/13/2016	66.22	66.22	66.22	66.22	-833800000	-833800000	-833800000	66.22	66.22	66.22
10/14/2016	66.36	66.36	66.36	66.36	-833800000	-833800000	-833800000	66.36	66.36	66.36
10/17/2016	68.12	68.12	68.12	68.12	-833800000	-833800000	-833800000	68.12	68.12	68.12
10/18/2016	68.33	68.33	68.33	68.33	-833800000	-833800000	-833800000	68.33	68.33	68.33
10/19/2016	68.43	68.43	68.43	68.43	-833800000	-833800000	-833800000	68.43	68.43	68.43
10/20/2016	68.56	68.56	68.56	68.56	-833800000	-833800000	-833800000	68.56	68.56	68.56
10/21/2016	68.8	68.8	68.8	68.8	-833800000	-833800000	-833800000	68.8	68.8	68.8
10/24/2016	70.11	70.11	70.11	70.11	-833800000	-833800000	-833800000	70.11	70.11	70.11
10/25/2016	70.28	70.28	70.28	70.28	-833800000	-833800000	-833800000	70.28	70.28	70.28
10/26/2016	70.51	70.51	70.51	70.51	-833800000	-833800000	-833800000	70.51	70.51	70.51
10/27/2016	58.04	58.04	58.04	58.04	-846310000	-846310000	-846310000	58.04	58.04	58.04
10/28/2016	58.44	58.44	58.44	58.44	-846310000	-846310000	-846310000	58.44	58.44	58.44
10/31/2016	62.5	62.5	62.5	62.5	-846310000	-846310000	-846310000	62.5	62.5	62.5
11/02/2016	63.09	63.09	63.09	63.09	-846310000	-846310000	-846310000	63.09	63.09	63.09
11/03/2016	43.48	43.48	43.48	43.48	-866310000	-866310000	-866310000	43.48	43.48	43.48
11/07/2016	44.38	44.38	44.38	44.38	-866310000	-866310000	-866310000	44.38	44.38	44.38
11/08/2016	45.03	45.03	45.03	45.03	-866310000	-866310000	-866310000	45.03	45.03	45.03
11/09/2016	50.22	50.22	50.22	50.22	-866310000	-866310000	-866310000	50.22	50.22	50.22
11/10/2016	50.29	50.29	50.29	50.29	-866310000	-866310000	-866310000	50.29	50.29	50.29
11/14/2016	50.97	50.97	50.97	50.97	-866310000	-866310000	-866310000	50.97	50.97	50.97
11/15/2016	52.68	52.68	52.68	52.68	-866310000	-866310000	-866310000	52.68	52.68	52.68
11/16/2016	56.9	56.9	56.9	56.9	-866310000	-866310000	-866310000	56.9	56.9	56.9
11/17/2016	57.15	57.15	57.15	57.15	-866310000	-866310000	-866310000	57.15	57.15	57.15
11/18/2016	60.54	60.54	60.54	60.54	-866310000	-866310000	-866310000	60.54	60.54	60.54
11/21/2016	61.16	61.16	61.16	61.16	-866310000	-866310000	-866310000	61.16	61.16	61.16
11/22/2016	62.05	62.05	62.05	62.05	-866310000	-866310000	-866310000	62.05	62.05	62.05
11/23/2016	62.4	62.4	62.4	62.4	-866310000	-866310000	-866310000	62.4	62.4	62.4
11/24/2016	63.08	63.08	63.08	63.08	-866310000	-866310000	-866310000	63.08	63.08	63.08
11/25/2016	63.15	63.15	63.15	63.15	-866310000	-866310000	-866310000	63.15	63.15	63.15
11/28/2016	51.06	51.06	51.06	51.06	-878880000	-878880000	-878880000	51.06	51.06	51.06
11/29/2016	51.85	51.85	51.85	51.85	-878880000	-878880000	-878880000	51.85	51.85	51.85
11/30/2016	57.34	57.34	57.34	57.34	-878880000	-878880000	-878880000	57.34	57.34	57.34
12/01/2016	57.59	57.59	57.59	57.59	-878880000	-878880000	-878880000	57.59	57.59	57.59
12/02/2016	57.98	57.98	57.98	57.98	-878880000	-878880000	-878880000	57.98	57.98	57.98
12/05/2016	59.1	59.1	59.1	59.1	-878880000	-878880000	-878880000	59.1	59.1	59.1
12/06/2016	60.18	60.18	60.18	60.18	-878880000	-878880000	-878880000	60.18	60.18	60.18
12/07/2016	60.31	60.31	60.31	60.31	-878880000	-878880000	-878880000	60.31	60.31	60.31
12/08/2016	60.38	60.38	60.38	60.38	-878880000	-878880000	-878880000	60.38	60.38	60.38
12/09/2016	67.63	67.63	67.63	67.63	-878880000	-878880000	-878880000	67.63	67.63	67.63
12/12/2016	68	68	68	68	-878880000	-878880000	-878880000	68	68	68
12/13/2016	68.07	68.07	68.07	68.07	-878880000	-878880000	-878880000	68.07	68.07	68.07
12/14/2016	68.84	68.84	68.84	68.84	-878880000	-878880000	-878880000	68.84	68.84	68.84
12/15/2016	68.87	68.87	68.87	68.87	-878880000	-878880000	-878880000	68.87	68.87	68.87
12/16/2016	70.63	70.63	70.63	70.63	-878880000	-878880000	-878880000	70.63	70.63	70.63
12/19/2016	71.34	71.34	71.34	71.34	-878880000	-878880000	-878880000	71.34	71.34	71.34
12/20/2016	71.56	71.56	71.56	71.56	-878880000	-878880000	-878880000	71.56	71.56	71.56
12/21/2016	71.64	71.64	71.64	71.64	-878880000	-878880000	-878880000	71.64	71.64	71.64
12/22/2016	71.87	71.87	71.87	71.87	-878880000	-878880000	-878880000	71.87	71.87	71.87
12/26/2016	72.7	72.7	72.7	72.7	-878880000	-878880000	-878880000	72.7	72.7	72.7
12/27/2016	54.12	54.12	54.12	54.12	-898140000	-898140000	-898140000	54.12	54.12	54.12
01/02/2017	55.2	55.2	55.2	55.2	-898140000	-898140000	-898140000	55.2	55.2	55.2
01/03/2017	55.38	55.38	55.38	55.38	-898140000	-898140000	-898140000	55.38	55.38	55.38
01/04/2017	56.94	56.94	56.94	56.94	-898140000	-898140000	-898140000	56.94	56.94	56.94
01/05/2017	58.14	58.14	58.14	58.14	-898140000	-898140000	-898140000	58.14	58.14	58.14
01/06/2017	58.3	58.3	58.3	58.3	-898140000	-898140000	-898140000	58.3	58.3	58.3
01/09/2017	63.68	63.68	63.68	63.68	-898140000	-898140000	-898140000	63.68	63.68	63.68
01/10/2017	63.83	63.83	63.83	63.83	-898140000	-898140000	-898140000	63.83	63.83	63.83
01/11/2017	64.52	64.52	64.52	64.52	-898140000	-898140000	-898140000	64.52	64.52	64.52
01/12/2017	66.08	66.08	66.08	66.08	-898140000	-898140000	-898140000	66.08	66.08	66.08
01/13/2017	66.15	66.15	66.15	66.15	-898140000	-898140000	-898140000	66.15	66.15	66.15
01/16/2017	67.41	67.41	67.41	67.41	-898140000	-898140000	-898140000	67.41	67.41	67.41
01/17/2017	67.71	67.71	67.71	67.71	-898140000	-898140000	-898140000	67.71	67.71	67.71
01/18/2017	69.64	69.64	69.64	69.64	-898140000	-898140000	-898140000	69.64	69.64	69.64
01/19/2017	69.88	69.88	69.88	69.88	-898140000	-898140000	-898140000	69.88	69.88	69.88
01/20/2017	70.03	70.03	70.03	70.03	-898140000	-898140000	-898140000	70.03	70.03	70.03
01/23/2017	71.1	71.1	71.1	71.1	-898140000	-898140000	-898140000	71.1	71.1	71.1
01/24/2017	71.99	71.99	71.99	71.99	-898140000	-898140000	-898140000	71.99	71.99	71.99
01/25/2017	72.96	72.96	72.96	72.96	-898140000	-898140000	-898140000	72.96	72.96	72.96
01/27/2017	42.18	42.18	42.18	42.18	-929430000	-929430000	-929430000	42.18	42.18	42.18
01/30/2017	42.78	42.78	42.78	42.78	-929430000	-929430000	-929430000	42.78	42.78	42.78
01/31/2017	42.67	42.67	42.67	42.67	-929580000	-929580000	-929580000	42.67	42.67	42.67
02/01/2017	44.76	44.76	44.76	44.76	-929580000	-929580000	-929580000	44.76	44.76	44.76
02/02/2017	44.91	44.91	44.91	44.91	-929580000	-929580000	-929580000	44.91	44.91	44.91
02/03/2017	45.24	45.24	45.24	45.24	-929580000	-929580000	-929580000	45.24	45.24	45.24
02/06/2017	46.86	46.86	46.86	46.86	-929580000	-929580000	-929580000	46.86	46.86	46.86
02/07/2017	47.11	47.11	47.11	47.11	-929580000	-929580000	-929580000	47.11	47.11	47.11
02/08/2017	47.8	47.8	47.8	47.8	-929580000	-929580000	-929580000	47.8	47.8	47.8
02/09/2017	52.89	52.89	52.89	52.89	-929580000	-929580000	-929580000	52.89	52.89	52.89
02/10/2017	53.18	53.18	53.18	53.18	-929580000	-929580000	-929580000	53.18	53.18	53.18
02/13/2017	53.86	53.86	53.86	53.86	-929580000	-929580000	-929580000	53.86	53.86	53.86
02/14/2017	55.38	55.38	55.38	55.38	-929580000	-929580000	-929580000	55.38	55.38	55.38
02/15/2017	55.64	55.64	55.64	55.64	-929580000	-929580000	-929580000	55.64	55.64	55.64
02/16/2017	55.86	55.86	55.86	55.86	-929580000	-929580000	-929580000	55.86	55.86	55.86
02/17/2017	57.68	57.68	57.68	57.68	-929580000	-929580000	-929580000	57.68	57.68	57.68
02/20/2017	60.15	60.15	60.15	60.15	-929580000	-929580000	-929580000	60.15	60.15	60.15
02/21/2017	60.23	60.23	60.23	60.23	-929580000	-929580000	-929580000	60.23	60.23	60.23
02/22/2017	60.34	60.34	60.34	60.34	-929580000	-929580000	-929580000	60.34	60.34	60.34
02/23/2017	60.63	60.63	60.63	60.63	-929580000	-929580000	-929580000	60.63	60.63	60.63
02/24/2017	60.9	60.9	60.9	60.9	-929580000	-929580000	-929580000	60.9	60.9	60.9
02/27/2017	42.21	42.21	42.21	42.21	-948900000	-948900000	-948900000	42.21	42.21	42.21
02/28/2017	43.26	43.26	43.26	43.26	-948900000	-948900000	-948900000	43.26	43.26	43.26
03/01/2017	43.48	43.48	43.48	43.48	-948900000	-948900000	-948900000	43.48	43.48	43.48
03/02/2017	43.73	43.73	43.73	43.73	-948900000	-948900000	-948900000	43.73	43.73	43.73
03/03/2017	43.86	43.86	43.86	43.86	-948900000	-948900000	-948900000	43.86	43.86	43.86
03/04/2017	55.74	55.74	55.74	55.74	-948900000	-948900000	-948900000	55.74	55.74	55.74
03/06/2017	56.8	56.8	56.8	56.8	-948900000	-948900000	-948900000	56.8	56.8	56.8
03/07/2017	56.84	56.84	56.84	56.84	-948900000	-948900000	-948900000	56.84	56.84	56.84
03/08/2017	56.95	56.95	56.95	56.95	-948900000	-948900000	-948900000	56.95	56.95	56.95
03/09/2017	63.77	63.77	63.77	63.77	-948900000	-948900000	-948900000	63.77	63.77	63.77
03/10/2017	63.85	63.85	63.85	63.85	-948900000	-948900000	-948900000	63.85	63.85	63.85
03/13/2017	64.7	64.7	64.7	64.7	-948900000	-948900000	-948900000	64.7	64.7	64.7
03/14/2017	64.94	64.94	64.94	64.94	-948900000	-948900000	-948900000	64.94	64.94	64.94
03/15/2017	65.23	65.23	65.23	65.23	-948900000	-948900000	-948900000	65.23	65.23	65.23
03/16/2017	65.45	65.45	65.45	65.45	-948900000	-948900000	-948900000	65.45	65.45	65.45
03/17/2017	67.38	67.38	67.38	67.38	-948900000	-948900000	-948900000	67.38	67.38	67.38
03/20/2017	69.83	69.83	69.83	69.83	-948900000	-948900000	-948900000	69.83	69.83	69.83
03/21/2017	69.9	69.9	69.9	69.9	-948900000	-948900000	-948900000	69.9	69.9	69.9
03/22/2017	69.99	69.99	69.99	69.99	-948900000	-948900000	-948900000	69.99	69.99	69.99
03/23/2017	70.08	70.08	70.08	70.08	-948900000	-948900000	-948900000	70.08	70.08	70.08
03/24/2017	70.73	70.73	70.73	70.73	-948900000	-948900000	-948900000	70.73	70.73	70.73
03/27/2017	71.18	71.18	71.18	71.18	-948900000	-948900000	-948900000	71.18	71.18	71.18
03/28/2017	51.53	51.53	51.53	51.53	-968900000	-968900000	-968900000	51.53	51.53	51.53
03/29/2017	52.84	52.84	52.84	52.84	-968900000	-968900000	-968900000	52.84	52.84	52.84
03/30/2017	53.33	53.33	53.33	53.33	-968900000	-968900000	-968900000	53.33	53.33	53.33
03/31/2017	53.6	53.6	53.6	53.6	-968900000	-968900000	-968900000	53.6	53.6	53.6
04/03/2017	54.97	54.97	54.97	54.97	-968900000	-968900000	-968900000	54.97	54.97	54.97
04/04/2017	55.33	55.33	55.33	55.33	-968900000	-968900000	-968900000	55.33	55.33	55.33
04/05/2017	55.6	55.6	55.6	55.6	-968900000	-968900000	-968900000	55.6	55.6	55.6
04/06/2017	56.07	56.07	56.07	56.07	-968900000	-968900000	-968900000	56.07	56.07	56.07
04/07/2017	61.36	61.36	61.36	61.36	-968900000	-968900000	-968900000	61.36	61.36	61.36
04/10/2017	61.82	61.82	61.82	61.82	-968900000	-968900000	-968900000	61.82	61.82	61.82
04/11/2017	63.04	63.04	63.04	63.04	-968900000	-968900000	-968900000	63.04	63.04	63.04
04/12/2017	63.24	63.24	63.24	63.24	-968900000	-968900000	-968900000	63.24	63.24	63.24
04/13/2017	64.94	64.94	64.94	64.94	-968900000	-968900000	-968900000	64.94	64.94	64.94
04/14/2017	65.01	65.01	65.01	65.01	-968900000	-968900000	-968900000	65.01	65.01	65.01
04/18/2017	67.83	67.83	67.83	67.83	-968900000	-968900000	-968900000	67.83	67.83	67.83
04/19/2017	68.15	68.15	68.15	68.15	-968900000	-968900000	-968900000	68.15	68.15	68.15
04/20/2017	69.1	69.1	69.1	69.1	-968900000	-968900000	-968900000	69.1	69.1	69.1
